65 66
66 45
45 47
47 67
67 17
17 68
68 93
93 18
18 19
19 20
20 21
21 69
69 70
70 71
71 105
105 4
4 72
72 73
73 22
22 74
74 75
75 76
76 23
23 94
94 95
95 77
77 24
24 25
25 26
26 27
27 78
78 4
4 28
28 58
58 29
29 79
79 80
80 81
81 30
30 106
106 31
31 32
32 33
33 34
34 82
82 35
35 3
3 36
36 44
44 83
83 37
37 91
91 84
84 38
38 39
39 40
41 65
96 65
42 65
43 66
44 66
46 45
48 67
0 17
41 68
96 68
42 68
49 68
97 68
50 68
98 68
99 68
51 68
103 68
85 93
86 93
1 18
2 19
100 19
3 20
3 21
52 69
52 70
53 71
103 105
87 72
52 72
54 73
101 22
5 22
55 74
53 75
55 76
6 23
88 94
89 95
56 77
3 24
3 25
7 26
57 26
8 27
52 78
9 28
59 29
100 29
10 29
60 79
61 79
102 79
44 80
62 81
63 81
90 81
102 81
11 30
104 106
3 31
12 32
13 33
14 33
15 34
44 34
64 82
41 82
96 82
42 82
16 35
64 83
3 37
53 84
3 38
3 39
92 40
3 40
179 180
180 142
142 181
181 127
127 128
128 0
0 155
155 109
109 182
182 183
183 110
110 129
129 156
156 157
157 130
130 184
184 158
158 131
131 132
132 185
185 133
133 186
186 172
172 187
187 134
134 174
174 159
159 160
160 135
135 136
136 150
150 151
151 137
137 122
122 188
188 138
138 124
124 197
197 201
201 161
161 204
204 139
139 194
194 190
190 195
195 140
140 141
141 192
192 162
163 179
164 179
165 179
166 180
143 142
189 181
167 181
107 127
108 128
159 155
168 155
144 155
169 182
170 183
111 110
112 129
113 129
190 156
191 156
192 156
193 156
194 156
195 156
145 156
146 157
114 130
85 184
86 184
142 158
143 158
0 131
109 132
169 185
115 133
9 133
116 133
171 186
173 187
117 134
196 174
175 174
168 159
144 159
147 160
148 160
149 160
176 160
118 135
119 136
120 136
42 151
121 137
177 188
100 188
123 138
198 197
199 197
194 197
195 197
200 197
152 161
153 161
154 161
178 161
202 161
203 161
124 139
195 139
195 194
125 140
112 140
113 140
126 141
112 141
113 141
194 192
195 192
195 162
146 162
228 205
205 242
242 243
243 206
206 214
214 230
230 224
224 244
244 245
245 246
246 247
247 215
215 208
208 209
209 252
252 100
100 210
210 216
216 212
212 217
217 248
248 249
249 237
237 238
238 225
225 227
227 250
250 218
229 242
230 242
228 243
121 206
121 214
219 224
231 244
232 245
233 246
89 246
250 246
234 247
89 247
235 247
251 247
167 247
207 215
251 208
211 210
108 216
213 217
236 248
165 248
174 249
196 249
175 249
172 249
239 225
236 225
165 225
226 225
220 225
100 225
221 227
222 227
240 227
241 227
223 227
3 218
282 253
253 257
257 258
258 283
283 292
292 293
293 259
259 296
296 96
96 260
260 284
284 261
261 262
262 263
263 297
297 303
303 298
298 118
118 264
264 265
265 299
299 96
96 285
285 300
300 266
266 267
267 268
268 286
286 269
269 270
270 287
287 271
271 288
288 272
272 301
301 277
277 273
273 302
302 295
295 274
274 289
236 282
165 282
275 282
276 282
290 282
1 253
254 257
255 258
291 283
145 283
213 259
290 296
213 260
294 284
277 284
213 261
213 262
213 263
292 297
290 298
213 264
213 265
290 299
278 285
145 285
290 285
290 300
256 266
213 266
290 267
213 267
213 268
290 268
279 268
96 268
280 286
213 269
213 270
280 287
213 271
280 288
213 272
290 301
254 273
290 302
255 274
281 289
311 331
331 332
332 319
319 312
312 333
333 313
313 314
314 315
315 334
334 335
335 177
177 316
316 324
324 317
317 325
325 318
318 336
111 311
326 331
327 331
171 331
86 331
89 332
250 332
320 319
100 312
304 312
328 312
305 312
329 333
306 313
337 314
307 314
202 314
203 314
308 315
338 315
330 334
329 335
100 177
111 316
321 324
339 324
322 324
340 317
309 317
323 325
341 325
310 318
86 336
354 343
343 344
344 349
349 357
357 350
350 355
355 96
96 351
351 348
348 290
290 96
96 342
342 345
345 299
299 352
352 346
346 353
353 356
238 354
110 343
111 343
0 344
347 349
358 357
359 357
145 350
89 355
360 355
276 351
290 351
213 345
360 352
51 352
96 352
256 346
51 353
290 356
442 378
378 443
443 444
444 429
429 430
430 445
445 379
379 380
380 414
414 446
446 447
447 415
415 151
151 403
403 448
448 362
362 381
381 364
364 365
365 449
449 416
416 382
382 417
417 450
450 451
451 383
383 418
418 452
452 109
109 384
384 385
385 372
372 386
386 387
387 419
419 453
453 406
406 420
420 388
388 389
389 421
421 454
454 422
422 390
390 423
423 455
455 460
460 391
391 392
392 461
461 393
393 424
424 394
394 456
456 425
425 403
403 457
457 377
377 196
196 395
395 396
396 397
397 398
398 399
399 400
400 426
426 403
403 462
427 442
164 442
165 442
361 378
101 378
428 443
236 444
165 444
174 444
196 444
175 444
238 430
431 445
428 445
118 379
108 380
145 414
401 414
431 446
100 447
432 447
402 415
290 415
92 448
363 381
254 365
92 449
402 416
290 416
366 382
92 382
404 417
458 417
433 450
250 450
434 451
367 383
196 383
368 383
142 418
143 418
435 452
89 384
369 384
89 385
370 385
371 385
310 386
373 387
374 387
86 387
405 419
436 419
236 453
165 453
174 453
196 453
175 453
407 406
402 420
290 420
1 388
408 388
375 388
60 388
61 388
118 389
409 421
463 454
230 454
291 422
145 422
376 390
410 423
411 423
459 423
195 423
437 455
12 391
118 392
12 392
12 393
438 393
409 424
412 424
432 424
107 394
362 394
431 456
413 425
151 425
42 425
439 457
121 395
119 395
12 396
12 397
12 398
12 399
12 400
440 426
441 426
291 426
145 426
495 481
481 472
472 465
465 490
490 473
473 474
474 475
475 476
476 477
477 478
478 479
479 96
96 496
496 480
480 491
491 492
492 497
497 493
493 96
429 495
482 481
483 481
51 481
464 472
196 465
466 465
484 490
498 490
485 490
111 473
486 474
484 474
498 474
485 474
487 474
10 474
467 475
468 476
469 477
118 477
111 478
487 479
498 479
10 479
329 496
100 496
494 496
470 480
471 480
484 491
498 491
485 491
499 492
96 492
494 492
498 492
488 492
494 497
489 493
544 515
515 516
516 0
0 546
546 554
554 560
560 517
517 518
518 561
561 547
547 519
519 520
520 521
521 522
522 556
556 539
539 0
0 562
562 523
523 506
506 524
524 525
525 526
526 107
107 0
0 559
559 508
508 506
506 527
527 563
563 528
528 529
529 530
530 531
531 532
532 573
573 533
533 235
235 534
534 535
535 548
548 536
536 537
537 549
549 564
564 550
550 522
522 551
551 552
552 7
7 553
553 565
545 544
404 544
500 515
329 515
566 515
538 515
108 516
51 546
555 554
86 560
501 517
196 517
502 517
503 518
89 561
281 547
0 519
504 520
118 520
12 520
12 521
12 522
567 556
167 556
540 539
51 539
568 562
557 562
558 562
505 523
469 524
118 524
169 524
507 525
12 526
107 508
509 527
469 527
118 527
169 563
510 528
362 529
0 530
559 530
511 530
511 531
512 532
51 532
570 573
513 533
251 235
167 235
118 534
514 534
571 534
572 534
511 535
541 548
488 548
510 536
0 537
329 549
51 549
295 564
542 550
51 550
542 551
51 551
51 552
543 553
569 565
555 565
634 635
635 601
601 636
636 637
637 638
638 580
580 581
581 310
310 574
574 582
582 602
602 639
639 597
597 640
640 583
583 584
584 585
585 166
166 641
641 642
642 586
586 603
603 604
604 643
643 220
220 597
597 1
1 166
166 587
587 644
644 468
468 588
588 213
213 605
605 654
654 606
606 625
625 645
645 607
607 608
608 646
646 647
647 345
345 630
630 589
589 648
648 590
590 591
591 649
649 650
650 592
592 609
609 593
593 576
576 220
220 610
610 0
0 149
149 594
594 611
611 651
651 612
612 595
166 634
613 635
614 635
236 601
165 601
615 601
149 601
616 636
166 637
166 638
617 638
0 580
213 581
652 582
575 582
596 602
618 639
619 639
236 639
165 639
241 597
620 640
621 640
576 583
622 583
577 584
213 585
621 641
166 642
213 586
653 603
623 603
598 603
149 604
619 643
165 643
100 220
1 587
620 644
624 588
0 588
598 605
598 606
89 645
599 607
402 607
290 607
626 608
627 608
628 608
236 608
165 608
600 608
100 608
281 608
166 646
629 647
631 630
0 589
163 648
12 590
213 591
329 649
329 650
578 592
620 592
579 592
632 592
505 592
407 609
655 593
113 593
151 610
42 610
213 594
633 611
618 611
619 611
236 611
165 611
600 611
100 611
281 611
89 651
103 651
220 612
100 612
576 595
622 595
684 672
672 673
673 685
685 658
658 686
686 250
250 659
659 674
674 660
660 661
661 662
662 675
675 681
681 337
337 693
693 687
687 688
688 693
693 696
696 689
689 676
676 663
663 664
664 665
665 666
666 690
677 684
402 672
290 672
236 673
165 673
667 673
100 673
241 673
678 685
111 658
89 686
86 686
679 659
0 659
668 659
669 659
691 659
670 659
99 659
51 659
680 674
598 674
505 660
0 661
205 662
671 675
402 675
290 675
692 681
694 687
682 687
695 687
683 687
695 688
683 688
695 689
683 689
291 676
145 676
656 663
213 664
205 665
657 666
505 666
622 690
220 708
708 722
722 723
723 715
715 725
725 697
697 702
702 716
716 717
717 718
718 719
719 206
206 698
698 720
720 728
728 703
703 699
699 704
704 721
721 705
705 706
706 707
707 121
64 708
677 722
163 723
709 715
488 715
724 715
708 702
64 702
3 702
710 716
711 717
724 717
488 717
220 718
100 718
712 719
713 719
111 698
714 720
726 720
727 720
203 728
125 703
112 703
113 704
708 721
64 721
700 705
1 705
12 706
701 707
236 223
223 732
732 733
733 174
174 744
744 734
734 745
745 729
729 736
736 737
737 738
738 739
739 740
740 741
741 746
165 236
254 732
468 733
742 744
0 734
290 745
735 745
730 736
374 737
250 737
743 737
89 737
291 737
145 737
468 738
121 739
468 740
731 741
231 746
777 875
875 778
778 830
830 779
779 848
848 780
780 899
899 876
876 752
752 125
125 699
699 901
901 781
781 782
782 913
913 856
856 508
508 856
856 783
783 914
914 784
784 831
831 251
251 785
785 786
786 816
816 857
857 877
877 759
759 196
196 760
760 832
832 818
818 761
761 787
787 762
762 878
878 833
833 763
763 834
834 905
905 788
788 789
789 835
835 767
767 879
879 790
790 791
791 836
836 837
837 880
880 881
881 882
882 838
838 839
839 883
883 123
123 884
884 885
885 886
886 840
840 864
864 841
841 290
290 887
887 888
888 889
889 842
842 890
890 699
699 891
891 305
305 843
843 844
844 699
699 908
908 892
892 792
792 793
793 794
794 893
893 894
894 871
871 895
895 795
795 796
796 12
12 845
845 769
769 797
797 798
798 771
771 896
896 799
799 800
800 801
801 802
802 803
803 804
804 805
805 806
806 897
897 807
807 461
461 910
910 896
896 865
865 808
808 809
809 915
915 810
710 777
121 777
846 875
847 875
747 778
811 778
748 778
749 778
812 830
750 779
849 780
850 780
851 780
175 780
852 780
853 780
463 780
751 780
898 780
900 899
854 876
466 752
112 125
813 781
753 781
814 781
751 781
568 781
754 782
755 782
3 782
756 782
855 782
570 913
757 783
118 783
570 914
9 784
815 831
251 831
3 785
758 786
9 786
255 786
858 857
859 877
902 760
466 760
817 832
12 787
189 878
167 878
819 833
903 763
904 763
764 763
251 763
11 763
820 834
821 834
123 788
765 789
766 789
822 835
860 835
402 835
290 835
121 767
861 879
121 790
220 790
100 790
123 791
862 836
906 836
432 836
823 836
223 837
824 837
652 837
488 837
863 880
92 880
863 881
92 882
223 838
220 838
100 838
825 839
92 883
864 884
865 885
907 885
866 885
906 886
432 886
196 840
819 840
47 841
867 887
868 888
869 889
329 842
223 842
870 890
328 891
220 843
100 843
819 844
89 892
826 792
909 792
827 792
828 792
768 792
699 793
829 794
652 794
121 794
870 893
858 894
92 895
870 895
12 795
911 796
118 796
870 845
223 845
770 797
12 798
869 896
12 799
772 800
118 800
773 800
12 801
12 802
872 803
468 803
598 804
873 804
774 804
775 805
911 806
118 806
906 897
874 897
775 807
907 865
866 865
775 808
776 809
118 809
773 809
461 915
912 915
12 810
932 924
924 926
926 930
930 1
1 933
933 919
919 920
920 921
921 940
940 934
934 931
931 922
922 935
935 923
923 936
936 929
929 937
236 932
165 932
925 924
927 930
870 933
1 919
461 919
939 919
12 920
12 921
461 940
939 940
870 934
322 931
916 922
329 935
926 923
928 923
917 923
938 923
918 923
236 936
165 936
870 936
619 937
165 937
993 994
994 1015
1015 995
995 1016
1016 47
47 45
45 996
996 980
980 958
958 984
984 1022
1022 1023
1023 942
942 3
3 977
977 959
959 946
946 947
947 960
960 945
945 961
961 962
962 997
997 998
998 963
963 999
999 950
950 964
964 1024
1024 693
693 952
952 907
907 1000
1000 1001
1001 1002
1002 1003
1003 1004
1004 1017
1017 1018
1018 965
965 1016
47 991
991 1005
1005 405
405 981
981 1019
1019 1021
1021 966
966 967
967 947
945 968
968 969
969 1006
1006 1007
1007 970
970 971
971 250
250 1008
1008 1027
1027 693
693 972
972 1009
1009 992
992 973
236 993
165 993
974 993
461 993
975 994
976 994
236 1015
165 1015
977 995
1020 995
814 995
427 1016
164 1016
165 1016
978 996
979 996
981 980
250 980
982 958
983 958
1021 958
322 958
941 958
985 984
322 984
1020 977
814 977
943 959
944 959
945 959
111 946
948 960
295 961
947 961
943 962
818 997
980 998
981 998
250 998
949 963
151 999
42 999
101 950
121 950
951 964
359 1024
986 1000
987 1000
1025 1000
693 1001
988 1001
714 1002
989 1002
990 1003
48 1003
974 1004
1010 1017
1011 1018
953 965
1012 991
45 991
46 991
1013 1005
202 1005
203 1005
407 1005
85 1005
86 1005
436 405
250 981
569 1019
1014 1019
943 966
944 966
945 967
461 968
1 968
947 969
954 969
114 969
48 1006
981 1007
250 1007
92 1007
955 970
250 970
956 970
943 971
255 971
1026 1008
498 1008
989 1008
952 972
1028 1009
988 1009
1025 973
957 973
943 973
96 973
1032 1030
1031 1032
92 1032
1029 1030
44 1030
15 1030
974 1030
1072 1042
1042 1073
1073 1043
1043 1080
1080 1074
1074 1033
1033 1044
1044 1045
1045 1046
1046 1075
1075 1047
1047 1048
1048 1049
1049 1050
1050 693
693 1081
1081 1033
1033 1090
1090 693
693 728
728 1051
1051 1052
1052 1096
1096 1053
1053 1054
1054 1055
1055 1056
1056 1057
1057 1037
1037 1039
1039 1058
1058 1094
1094 1059
1059 1060
1060 1061
1061 693
693 1082
1082 1062
1062 1063
1063 1076
1076 1064
1064 1065
1065 1094
1094 1095
1095 1066
1066 1067
1067 1083
1083 1068
1068 1084
1084 409
409 461
461 1069
1070 1072
48 1072
236 1042
165 1042
100 1042
1 1042
981 1073
250 1073
100 1043
305 1043
86 1080
404 1074
1034 1044
1085 1044
1086 1044
116 1044
1087 1045
1088 1045
116 1045
1089 1046
190 1046
116 1046
1071 1075
402 1075
290 1075
1035 1047
310 1047
1036 1048
468 1049
254 1050
1077 1081
1091 1090
1092 1090
213 1051
254 1052
103 1096
656 1053
1093 1053
213 1053
254 1054
255 1055
254 1056
255 1056
254 1057
1038 1037
118 1039
471 1058
511 1058
1040 1059
1041 1060
213 1061
1078 1082
1078 1062
944 1062
254 1063
987 1076
944 1064
205 1065
1025 1095
511 1066
945 1066
6 1067
1022 1067
1079 1083
254 1068
295 1084
955 1069
250 1069
956 1069
1156 1097
1097 1135
1135 1170
1170 1136
1136 1104
1104 1172
1172 1137
1137 1105
1105 1157
1157 1172
1172 1158
1158 1106
1106 1107
1107 1138
1138 1100
1100 461
461 1108
1108 1159
1159 1109
1109 1160
1160 1110
1110 1111
1111 1112
1112 1113
1113 1139
1139 1114
1114 1140
1140 1115
1115 1141
1141 1142
1142 1161
1161 1116
1116 1143
1143 1117
1117 1162
1162 1163
1163 1164
1164 1118
1118 234
234 1153
1153 1171
1171 1119
1119 1120
1120 1171
1171 1121
1121 1144
1144 1165
1165 1166
1166 621
621 1151
1151 1122
1122 1168
1168 1145
1145 1133
1133 1123
1123 1146
1146 1102
1102 1169
1169 1124
1147 1156
1103 1156
1148 1156
236 1135
165 1135
1125 1135
100 1135
322 1135
1125 1136
100 1136
322 1136
1098 1104
1097 1104
1 1104
1126 1104
1127 1104
1128 1137
12 1105
847 1105
847 1157
177 1158
100 1158
1099 1106
100 1106
111 1106
1172 1106
468 1106
310 1107
724 1138
1128 1138
652 1108
575 1108
1149 1159
575 1109
437 1160
203 1160
1 1110
12 1111
0 1112
939 1113
12 1113
149 1139
1129 1114
290 1114
0 1114
1130 1140
1101 1115
0 1115
402 1141
290 1141
872 1142
402 1142
290 1142
613 1161
614 1161
0 1116
291 1143
145 1143
468 1117
1150 1162
621 1163
1151 1164
1152 1164
8 1118
89 234
235 234
251 234
167 234
250 1153
0 1119
0 1120
250 1121
0 1121
483 1144
51 1144
1154 1165
1167 1166
870 1166
100 1122
310 1122
89 1168
1131 1145
1132 1145
96 1133
1134 1133
0 1123
743 1146
89 1146
1155 1146
291 1146
145 1146
281 1146
100 1102
575 1102
89 1169
308 1124
1229 1230
1230 1202
1202 1231
1231 1232
1232 1233
1233 1182
1182 1203
1203 1183
1183 1173
1173 1234
1234 1204
1204 1205
1205 1235
1235 1206
1206 1207
1207 1236
1236 1237
1237 250
250 235
235 1219
1219 1184
1184 1238
1238 1239
1239 1208
1208 1248
1248 1240
1240 1185
1185 1241
1241 1242
1242 1243
1243 1252
1252 1244
1244 1245
1245 1209
1209 1210
1210 1211
1211 1253
1253 1254
1254 1246
1246 1186
1186 1200
1200 1212
1212 1175
1175 0
0 278
278 1187
1187 1247
1247 1188
1188 1176
1176 169
169 1178
1178 1179
1179 1189
1189 1180
1180 169
169 252
252 1181
1181 252
252 1201
429 1229
870 1230
1190 1202
1213 1231
231 1232
1214 1233
1215 1233
119 1182
870 1203
1191 1203
1216 1203
107 1183
870 1234
236 1204
165 1204
1192 1204
1193 1204
1194 1204
1195 1205
1217 1235
870 1206
1125 1206
100 1206
322 1206
429 1207
1190 1207
870 1236
1218 1237
1174 1184
1220 1238
1221 1239
163 1239
1196 1208
1249 1248
1250 1248
89 1240
1251 1185
759 1185
1222 1241
1223 1242
1224 1243
1225 1244
250 1244
1226 1245
250 1245
1227 1209
462 1209
1197 1209
1198 1210
1199 1211
143 1211
1255 1246
1228 1246
501 1186
196 1186
502 1186
142 1212
143 1212
145 278
290 278
111 1187
89 1247
85 1247
86 1247
310 1188
1177 1176
1177 1178
751 1179
12 1189
751 1180
1257 1258
1258 1259
1260 1257
89 1257
250 1257
1261 1257
0 1257
1262 1258
1263 1258
1256 1258
41 1258
96 1258
42 1258
254 1259
359 1259
1277 1265
1265 1266
1266 1267
1267 1268
1268 1041
1041 254
254 1269
1269 1270
1270 1278
1278 1279
1279 1024
1024 1283
1283 1284
1284 200
200 1271
1271 1280
1280 1272
1272 1285
1285 1273
1273 1285
1285 1274
1274 1275
1275 1281
1281 1282
236 1277
165 1277
1276 1277
41 1277
96 1277
42 1277
1262 1265
1263 1265
1256 1265
213 1266
12 1267
254 1268
1264 1270
1077 1278
1024 1278
359 1278
1077 1279
1262 1283
1263 1283
1262 1284
1263 1284
213 1271
290 1280
656 1272
1286 1285
254 1273
254 1274
255 1275
290 1281
290 1282
1326 1327
1327 1328
1328 1287
1287 1289
1289 377
377 107
107 1301
1301 1302
1302 567
567 1347
1347 1348
1348 1349
1349 1329
1329 1350
1350 1330
1330 1289
1289 1331
1331 981
981 1312
1312 1314
1314 1264
1264 818
818 1290
1290 1332
1332 1316
1316 1351
1351 1352
1352 1333
1333 1334
1334 1021
1021 1353
1353 1303
1303 1291
1291 1292
1292 1304
1304 1354
1354 1355
1355 1335
1335 1336
1336 1337
1337 1322
1322 1293
1293 1294
1294 1296
1296 1297
1297 1305
1305 1306
1306 1346
1346 1338
1338 1323
1323 371
371 1307
1307 1325
163 1326
404 1326
1308 1327
151 1327
42 1327
1309 1328
617 1328
1288 1287
121 1287
0 1301
213 1302
1339 1347
165 1348
238 1349
1310 1329
1340 1329
1311 1329
1341 1350
151 1330
42 1330
1308 1331
1313 1312
101 1290
575 1290
1315 1332
1317 1316
1021 1316
1342 1351
1343 1352
678 1352
1318 1333
1319 1334
1356 1353
1344 1353
369 1303
0 1304
1344 1354
619 1355
165 1355
976 1335
1134 1336
190 1337
1320 1337
42 1337
1321 1337
1345 1294
1357 1294
1295 1294
1298 1305
1299 1305
1298 1306
1134 1338
1324 1323
112 1307
1300 1307
909 1325
1134 1325
1407 1435
1435 1408
1408 1409
1409 1367
1367 1410
1410 1411
1411 616
616 1412
1412 1368
1368 1413
1413 1414
1414 1415
1415 1451
1451 1465
1465 1466
1466 1024
1024 96
96 358
358 1401
1401 202
202 833
833 1369
1369 1416
1416 1370
1370 1358
1358 1417
1417 1468
1468 1418
1418 1469
1469 1419
1419 1359
1359 1420
1420 1421
1421 1422
1422 1371
1371 1372
1372 1373
1373 1374
1374 96
96 1452
1452 202
202 1375
1375 1423
1423 1438
1438 295
295 1453
1453 100
100 1424
1424 1425
1425 1439
1439 1376
1376 616
616 1454
1454 1442
1442 1377
1377 96
96 1470
1470 202
202 1426
1426 868
868 1341
1341 1427
1427 1455
1455 107
107 1378
1378 1379
1379 1380
1380 1428
1428 1381
1381 1382
1382 1383
1383 1070
1070 1429
1429 1384
1384 1465
1465 1025
1025 1385
1385 1430
1430 1386
1386 1169
1169 1456
1456 1431
1431 96
96 1438
295 1387
1387 1388
1388 1389
1389 96
96 1457
1457 1458
1458 1390
1390 1446
1446 1391
1391 1459
1459 1460
1460 1404
1404 1392
1392 96
96 1393
1393 202
202 1432
1432 1433
1433 483
483 1461
1461 1394
1394 1024
1024 1466
1466 202
202 1462
1462 1400
1400 1463
1463 1450
1450 1401
1401 358
358 1470
1470 1395
1395 295
295 1464
1464 1396
1396 1405
1434 1407
149 1407
101 1435
1397 1408
1398 1409
468 1367
51 1410
484 1411
498 1411
485 1411
436 1411
1399 1412
111 1368
484 1413
498 1413
485 1413
436 1413
1031 1414
484 1414
498 1414
485 1414
1400 1415
47 1415
167 1451
499 1466
96 1466
359 358
203 202
121 1369
407 1416
100 1370
951 1370
1402 1417
1467 1417
1025 1468
1403 1418
149 1419
1436 1419
1437 1419
111 1359
100 1420
1397 1420
329 1421
1404 1421
413 1422
373 1371
89 1372
256 1372
1360 1373
1361 1373
213 1374
1470 1452
499 1452
858 1452
1362 1375
96 1423
988 1423
1436 1453
1437 1453
1397 1424
51 1425
1440 1376
1471 1376
944 1376
1441 1454
2 1377
1360 1377
1361 1377
499 1470
407 1426
981 1427
250 1427
85 1455
86 1455
123 1378
1363 1379
918 1379
253 1380
1 1380
819 1428
1364 1381
2 1381
1365 1382
100 1382
956 1382
918 1383
956 1383
48 1070
1404 1429
1443 1429
320 1429
1366 1384
11 1385
51 1430
373 1386
1444 1456
202 1431
203 1431
1405 1431
256 1387
86 1387
2 1388
100 1389
1 1389
295 1457
1445 1458
86 1390
256 1390
554 1391
555 1391
213 1391
1436 1459
1437 1459
89 1460
1447 1460
100 1460
1448 1392
1472 1392
944 1392
213 1393
407 1432
96 1432
1406 1433
96 1433
51 483
1473 1461
436 1461
100 1394
1 1394
1449 1462
47 1400
1449 1463
373 1395
406 1395
407 1395
872 1464
363 1396
1539 1517
1517 1540
1540 1589
1589 190
190 1590
1590 1518
1518 1541
1541 1563
1563 1542
1542 868
868 1318
1318 1521
1521 1564
1564 1565
1565 1574
1574 1170
1170 1543
1543 1575
1575 984
984 1523
1523 1494
1494 1524
1524 1544
1544 974
974 1545
1545 1495
1495 1576
1576 1577
1577 1546
1546 1578
1578 1564
1564 1579
1579 1496
1496 1497
1497 1475
1475 1602
1602 1580
1580 1581
1581 1498
1498 1529
1529 1499
1499 686
686 1478
1478 1547
1547 1548
1548 1500
1500 708
708 1582
1582 1549
1549 1550
1550 429
429 1583
1583 1551
1551 1552
1552 1501
1501 1584
1584 291
291 1585
1585 1441
1441 1553
1553 974
974 1502
1502 1503
1503 1504
1504 1505
1505 320
320 1506
1506 1507
1507 320
320 96
96 1554
1554 201
201 1508
1508 1596
1596 1597
1597 1488
1488 1598
1598 1555
1555 1586
1586 1556
1556 1509
1509 1557
1557 1558
1558 1559
1559 1517
1517 1560
1560 1510
1510 1511
1511 1512
1512 1584
1584 1587
1587 1513
1513 1514
1514 1515
1588 1539
1516 1539
1516 1517
1561 1540
928 1540
655 1590
1027 1590
1516 1518
1519 1541
1562 1541
1520 1542
232 1542
1566 1574
329 1574
1522 1543
60 1543
61 1543
909 1575
90 1575
918 1494
1567 1544
329 1544
41 1544
96 1544
42 1544
320 1545
1525 1545
406 1545
407 1545
1 1495
329 1576
427 1577
164 1577
165 1577
1526 1546
1527 1546
870 1578
621 1578
1152 1579
1528 1496
1 1496
1474 1497
1591 1497
1264 1497
652 1475
304 1475
328 1475
305 1475
175 1580
429 1581
1568 1581
174 1581
196 1581
175 1581
1569 1498
109 1498
223 1529
1570 1499
1476 1499
1477 1499
305 1499
376 1478
1530 1547
194 1547
195 1547
322 1547
1531 1548
376 1500
196 1500
1592 1582
1571 1582
1532 1549
974 1550
174 1550
196 1550
175 1550
86 1583
1533 1551
974 1551
981 1552
250 1552
12 1501
438 1501
870 1584
145 291
429 1585
1524 1553
1479 1502
1480 1502
1593 1502
1481 1502
1482 1503
1483 1503
12 1503
101 1504
304 1504
328 1504
305 1504
86 1505
308 1505
1484 1506
101 1506
1485 1506
112 1506
1486 1506
89 1507
624 1507
1487 1507
1477 1507
1534 1554
918 1508
1594 1508
1592 1508
1595 1508
1489 1488
1483 1488
1490 1488
1535 1555
1599 1586
1600 1586
900 1586
1572 1586
143 1556
1573 1556
1536 1556
1491 1509
1492 1509
195 1509
918 1509
195 1557
1537 1557
1534 1557
1601 1558
1534 1558
1538 1559
1588 1559
974 1560
176 1560
1493 1510
100 1510
12 1511
12 1512
742 1587
1482 1513
1483 1513
12 1514
12 1515
1618 1619
1619 1604
1604 460
460 1611
1611 951
951 250
250 1607
1607 1612
1612 1613
1613 1605
1605 1622
1622 459
459 1623
1623 1614
1614 1624
1624 1626
1626 1627
1627 1620
1620 1628
1628 1615
1615 1629
1629 251
677 1618
1616 1619
1603 1604
1606 1611
812 1611
988 1607
404 1612
404 1613
1040 1605
1621 1605
1589 1605
195 1622
195 459
194 1623
195 1623
1608 1614
1609 1614
1625 1624
1617 1620
1610 1615
1696 251
251 1640
1640 1674
1674 1641
1641 1642
1642 1675
1675 1643
1643 1234
1234 1697
1697 235
235 1687
1687 1698
1698 1707
1707 1644
1644 1645
1645 1709
1709 1646
1646 1647
1647 1648
1648 1649
1649 763
763 561
561 196
196 1650
1650 1651
1651 1676
1676 1652
1652 1668
1668 1699
1699 1653
1653 1700
1700 1634
1634 1701
1701 1654
1654 1677
1677 1702
1702 1678
1678 1679
1679 1655
1655 767
767 1656
1656 1703
1703 1657
1657 1658
1658 1680
1680 1704
1704 1659
1659 1705
1705 1660
1660 1661
1661 1681
1681 1662
1662 1663
1663 1682
1682 1664
1664 1673
1673 1683
1683 1684
1684 1285
1285 1665
1665 1666
1666 1685
1685 1667
1667 1706
1686 1696
254 1640
16 1640
1285 1674
1286 1674
41 1674
96 1674
42 1674
196 1641
112 1641
1285 1641
1286 1641
254 1642
146 1675
1285 1675
1286 1675
1343 1643
468 1643
1215 1697
1688 1687
434 1687
1689 1698
1596 1698
196 1707
208 1644
251 1644
1630 1645
1708 1645
251 1645
1597 1645
1631 1646
1632 1647
1482 1648
1633 1648
1483 1648
1690 1648
12 1649
112 1650
113 1650
196 1651
112 1651
1691 1676
1668 1676
1262 1676
1263 1676
146 1676
1285 1676
1286 1676
768 1652
1262 1668
1263 1668
146 1668
1692 1699
1668 1653
1262 1653
1263 1653
146 1653
254 1653
1686 1700
1710 1634
1711 1634
195 1634
1300 1634
1686 1701
1635 1654
1712 1677
195 1677
976 1677
1686 1702
1668 1678
1262 1678
1263 1678
146 1678
1262 1679
1263 1679
1669 1679
220 1655
100 1655
59 1655
10 1655
1636 1656
1693 1703
100 1703
122 1657
1637 1658
1638 1658
1670 1680
1671 1680
1285 1680
1286 1680
173 1704
122 1659
872 1705
1637 1660
714 1661
902 1661
112 1661
146 1681
1262 1662
1263 1662
254 1662
41 1662
96 1662
42 1662
902 1663
112 1663
1694 1682
1672 1682
411 1682
1284 1682
1262 1682
1263 1682
768 1664
143 1683
1262 1684
1263 1684
1671 1684
1639 1665
775 1666
1686 1685
1128 1685
295 1667
468 1667
1442 1706
1695 1706
1719 1732
1732 1747
1747 698
698 1733
1733 1024
1466 419
419 1720
1720 1721
1721 1734
1734 1749
1749 1735
1735 1722
1722 1736
1736 1737
1737 1470
1470 1738
1738 1024
1024 1739
1739 1723
1723 1714
1714 1715
1715 1724
1724 1740
1740 1725
1725 1726
1726 1727
1727 1741
1741 1750
1750 1358
1358 1742
1742 1743
1743 1748
1748 743
468 1719
96 1719
236 1732
165 1732
275 1732
276 1732
290 1732
1744 1747
1728 1733
1745 1733
307 1720
1024 1720
359 1720
112 1721
1746 1734
1134 1734
1134 1735
470 1722
471 1722
1134 1736
1134 1737
1134 1738
714 1739
1134 1739
1713 1723
255 1723
1716 1715
1716 1724
1729 1740
1470 1740
1730 1740
499 1740
96 1740
1134 1740
1717 1725
255 1725
112 1726
1718 1727
1134 1727
1134 1741
1728 1742
1731 1742
338 1742
988 1743
1531 1743
100 1748
870 1748
89 743
291 743
145 743
1779 1760
1760 1761
1761 1762
1762 1763
1763 1764
1764 1780
1780 1765
1765 1766
1766 1756
1756 1781
1781 1767
1767 1782
1782 1768
1768 1769
1769 1764
1764 1783
1783 1781
1781 1466
1466 692
692 1027
1027 1466
1466 1770
1770 1789
1789 692
692 101
101 1790
1790 1784
1784 1785
1785 1771
1771 1786
1786 1757
1757 1027
1027 1793
1793 1791
1791 1027
1027 1773
1773 1792
1792 200
200 1774
1774 1775
1775 1776
677 1779
974 1779
1751 1760
1089 1760
190 1760
363 1760
1086 1761
1752 1761
943 1762
1714 1763
1256 1764
677 1780
1533 1780
974 1780
1753 1765
1754 1765
1755 1765
194 1765
195 1765
942 1765
3 1765
943 1765
953 1766
976 1781
2 1767
163 1782
1533 1782
974 1782
1777 1768
1086 1768
1752 1768
405 1768
436 1768
943 1768
254 1769
16 1769
411 1783
947 1770
1300 1770
1787 1789
1027 1789
92 1790
1466 1790
499 1790
96 1790
411 1784
1778 1785
411 1785
411 1771
1757 1771
1772 1786
411 1786
1788 1791
1758 1773
1788 1792
947 1774
1759 1775
16 1776
1831 1818
1818 1832
1832 1175
1175 1819
1819 1817
1817 250
250 698
698 1820
1820 1799
1799 1821
1821 1800
1800 145
145 1394
1394 1801
1801 1822
1822 1802
1802 1803
1803 1837
1837 1263
1263 1804
1804 404
404 1263
1263 1263
1263 1805
1805 99
99 404
404 462
462 1823
1823 1824
1824 1806
1806 1807
1807 1804
404 1804
1804 200
200 1808
1808 1809
1809 99
99 1825
1825 1837
1837 1810
1810 1828
1828 96
96 1833
1833 1811
1811 1263
1805 1263
1263 1839
1839 1263
1263 1812
1812 1263
1263 1813
1813 462
462 1814
1814 1798
1798 462
462 200
200 1815
1815 1834
1834 1835
1835 96
677 1831
980 1818
981 1818
250 1818
870 1832
1816 1819
96 1819
1826 1819
483 1817
51 1817
407 1820
86 1820
126 1799
112 1799
1794 1799
100 1799
376 1799
146 1821
1622 1821
195 1821
254 1800
1827 1800
1816 1800
96 1800
2 1801
1836 1822
145 1822
944 1802
1795 1803
99 1837
944 1804
1838 1805
900 1805
205 1805
404 1823
1694 1824
404 1824
200 1806
944 1806
200 1807
944 1807
2 1808
1837 1808
99 1808
350 1808
145 1808
200 1809
944 1809
123 1809
404 1825
205 1810
89 1833
2 1811
1796 1812
200 1813
123 1813
123 1814
1797 1814
411 1815
1638 1815
1829 1834
1830 1835
1883 1851
1851 1869
1869 1852
1852 1870
1870 1894
1894 1871
1871 1872
1872 1853
1853 1854
1854 569
569 1895
1895 174
174 238
238 1855
1855 1878
1878 1856
1856 1896
1896 1857
1857 1879
1879 252
252 1858
1858 1859
1859 1860
1860 1861
1861 1862
1862 1863
1863 1864
1864 1037
1037 570
570 1865
1865 1866
1866 856
856 1848
1848 1867
1867 1880
1880 250
250 1897
1897 1898
1898 1881
1881 1597
1597 1868
1868 1882
1884 1883
1885 1883
1886 1883
1887 1883
1437 1851
113 1851
1899 1869
241 1869
113 1852
1471 1870
976 1870
241 1894
1840 1853
1841 1853
944 1853
1873 1854
1874 1854
1875 1854
250 1854
51 1854
944 1854
1888 1895
1889 1895
0 1855
1874 1878
1875 1878
250 1878
51 1878
1890 1878
1891 1878
1842 1856
235 1896
251 1896
167 1896
310 1857
405 1879
436 1879
1843 1858
1844 1859
953 1860
1845 1861
1846 1862
500 1862
976 1862
3 1863
1847 1864
1900 1864
566 1864
195 1864
1635 1864
12 1865
12 1866
1892 1848
1893 1848
773 1867
1876 1880
907 1880
235 1897
251 1897
167 1897
432 1898
1877 1881
815 1881
251 1881
1849 1868
1850 1868
1901 1868
500 1868
976 1882
1921 1904
1904 1905
1905 1918
1918 1917
1917 41
41 1092
1092 1041
1041 1906
1906 1907
1907 1922
1922 1638
1638 1923
1923 1925
1925 350
350 1924
1924 304
304 575
575 1908
1908 358
358 1024
1024 1909
1909 1910
1910 1911
1911 1714
1714 258
258 1912
1912 570
570 1925
1925 1913
1913 947
947 1927
1927 1919
1919 656
656 1914
1914 1915
163 1921
254 1904
1276 1904
41 1904
96 1904
42 1904
1902 1905
1086 1905
363 1905
1916 1918
145 1917
149 1917
96 41
42 41
254 1906
2 1906
1041 1907
254 1907
1154 1922
1920 1923
89 1924
1344 1924
328 304
305 304
1714 1909
255 1910
1264 1911
756 1912
855 1912
1926 1913
1022 1913
1263 1913
1903 1913
89 1919
1778 1919
1756 1914
255 1915
1954 1934
1934 1969
1969 1341
1341 1955
1955 1970
1970 1935
1935 1936
1936 1937
1937 1901
1901 1930
1930 1956
1956 1971
1971 1938
1938 1957
1957 1939
1939 1958
1958 1981
1981 112
112 699
699 1982
1982 1985
1985 1959
1959 1960
1960 1940
1940 1988
1988 1984
1984 1941
1941 1990
1990 1961
1961 1953
1953 1962
1962 1963
1963 1942
220 1954
100 1954
206 1934
121 1934
1964 1969
1965 1969
1901 1969
175 1969
1972 1955
1943 1955
102 1955
812 1955
1944 1955
1945 1955
1966 1970
1973 1970
196 1970
1222 1970
759 1935
1928 1936
121 1936
1929 1937
118 1937
235 1937
251 1937
167 1937
1974 1930
1975 1930
1931 1930
251 1930
1946 1956
821 1956
1967 1971
1932 1938
1933 1938
465 1938
196 1938
466 1938
1976 1957
1977 1957
1978 1957
1979 1957
989 1957
121 1939
1980 1958
1947 1958
1983 1982
196 1982
1984 1982
1986 1959
1987 1959
1977 1959
1978 1959
1979 1959
989 1959
1948 1960
1980 1960
1949 1960
1950 1940
1976 1940
768 1940
1951 1940
308 1941
1989 1941
1251 1990
1952 1961
1968 1961
1991 1961
1251 1961
250 1953
1980 1962
1947 1962
220 1963
100 1963
123 1942
2010 2011
2011 2004
2004 1994
1994 1995
1995 2005
2005 257
257 1175
1175 1307
1307 338
338 2006
2006 1996
1996 2007
2007 1997
1997 470
470 1998
1998 2012
2012 2013
2013 1999
1999 1622
1622 2017
2017 907
907 2000
2000 2008
2008 693
693 2001
2001 2002
2002 2003
2003 2014
2014 2015
2015 2016
2016 2009
174 2010
196 2010
175 2010
229 2010
230 2010
329 2011
1134 2004
468 1994
693 1995
254 1995
1134 2005
989 2006
3 1996
1671 2007
1639 1997
471 470
1992 1998
942 1998
1903 1998
167 2012
167 2013
404 1999
511 1999
202 2017
203 2017
511 2000
1134 2008
1714 2001
1993 2002
699 2002
511 2003
167 2014
167 2015
1745 2016
907 2016
989 2009
2040 2041
2041 2031
2031 2020
2020 2044
2044 941
941 2046
2046 2021
2021 2032
2032 1797
1797 2042
2042 941
941 2043
2043 2022
2022 2023
2023 2033
2033 2024
2024 2025
2025 2050
2050 2047
2047 2026
2026 2034
2034 2027
2027 2028
2028 2052
2052 2035
2036 2040
2037 2041
1021 2041
149 2031
2018 2020
100 2020
2019 2020
701 2020
2045 2044
1263 2044
1263 2046
2 2021
2029 2032
2030 2032
2038 2042
1572 2042
2047 2042
653 2042
1572 2043
949 2022
1795 2023
2048 2033
2049 2033
1263 2033
411 2033
1839 2033
941 2024
949 2025
195 2050
653 2047
1795 2026
411 2034
2051 2034
1286 2034
2039 2027
251 2027
941 2027
2030 2028
949 2028
1263 2052
1572 2035
58 2035
2086 2054
2054 2087
2087 2077
2077 621
621 2088
2088 2063
2063 2078
2078 2064
2064 981
981 2065
2065 1704
1704 2089
2089 2090
2090 2055
2055 291
291 2066
2066 2091
2091 2067
2067 2068
2068 2092
2092 2056
2056 2093
2093 1504
1504 575
575 2094
2094 2057
2057 2095
2095 2096
2096 2069
2069 2058
2058 2070
2070 2071
2071 2072
2072 2073
2073 2097
2097 2098
2098 2099
2099 2100
2100 2101
2101 2102
2102 2103
2103 2075
2074 2086
677 2086
2075 2086
468 2054
2076 2054
870 2087
174 2087
196 2087
175 2087
164 2088
165 2088
1194 2063
165 2078
2059 2064
322 2064
597 2065
241 2065
89 2089
2079 2090
2080 2090
2076 2090
108 2055
145 2066
281 2066
2081 2091
623 2067
598 2067
2082 2067
623 2068
598 2068
2104 2068
2076 2092
310 2056
89 2093
89 2094
2053 2057
329 2057
89 2095
202 2095
203 2095
2075 2096
2060 2069
620 2058
632 2058
310 2058
2061 2070
48 2071
2062 2072
597 2073
241 2073
326 2097
85 2097
86 2097
329 2098
2083 2099
2084 2100
2085 2100
2075 2100
2076 2101
329 2102
329 2103
2123 2133
2133 2136
2136 2124
2124 847
847 2106
2106 2107
2107 2125
2125 2126
2126 2106
2106 2127
2127 2108
2108 2109
2109 2128
2128 2110
2110 2111
2111 83
83 2134
2134 2129
2129 461
461 2130
2130 2131
2131 2135
2135 2122
2122 2112
2112 2113
2113 2114
2114 2115
2115 2116
2116 2117
2117 847
847 2118
2118 2105
2105 12
974 2123
2037 2133
1021 2133
2119 2124
1021 2124
2120 2124
949 2106
953 2107
974 2125
2119 2126
1021 2126
2120 2126
974 2127
14 2108
375 2108
14 2109
44 2128
12 2110
15 2111
44 2111
2037 2134
1021 2134
976 2129
2121 2130
321 2130
339 2130
322 2130
41 2131
96 2131
42 2131
2132 2135
8 2112
12 2113
12 2114
12 2115
12 2116
13 2117
14 2117
12 2118
14 2105
2154 2138
2138 2137
2137 2155
2155 2156
2156 858
858 858
858 2161
2161 2153
2153 238
238 2149
2149 2157
2157 2158
2158 47
47 2150
2150 2151
2151 2139
2139 2140
2140 1170
1170 2141
2141 2152
2152 2142
1745 2154
2159 2154
2160 2154
1027 2154
8 2138
1745 2155
175 2156
236 2149
165 2149
47 2149
92 2157
619 2158
165 2158
2143 2150
2162 2150
2144 2150
2145 2151
2165 2151
577 2139
2144 2139
3 2140
1635 2140
412 2141
432 2141
1635 2141
2146 2141
2163 2141
2147 2141
2164 2152
145 2152
2148 2152
2019 2142
100 2142
2208 2209
2209 429
429 2196
2196 2187
2187 928
928 2188
2188 2189
2189 2175
2175 2190
2190 2175
2175 2176
2176 250
250 2210
2210 250
250 2177
2177 2055
2055 2197
2197 2211
2211 654
654 2212
2212 2213
2213 2166
2166 202
202 2198
2198 2214
2214 2215
2215 2167
2167 2178
2178 2169
2169 2170
2170 1598
1598 1598
1598 2199
2199 1280
1280 2200
2200 2201
2201 299
299 254
254 2202
2202 2179
2179 1623
1623 195
195 904
904 1028
1028 1028
1028 2180
2180 2171
2171 2181
2181 2216
2216 2217
2217 2182
2182 2203
2203 250
250 2183
2183 2184
2184 2218
2218 112
112 2174
2174 2204
2204 2219
2219 2185
2185 2186
2186 560
238 2208
2205 2209
236 2196
165 2196
45 2196
46 2196
322 2187
322 2189
12 2175
12 2176
235 2210
251 2210
167 2210
1174 2177
290 2197
2191 2197
2192 2197
2220 2197
670 2197
99 2197
51 2197
1828 2211
1828 2212
2082 2213
2193 2198
330 2214
86 2215
2168 2167
12 2178
1598 2170
1398 2199
1816 2200
96 2200
2194 2201
100 2202
407 2202
1040 2179
437 2179
714 2180
1040 2180
2221 2180
2172 2181
1752 2181
437 2216
2206 2217
194 2182
195 2182
2173 2182
598 2203
101 2183
632 2183
1477 2183
254 2184
291 2184
145 2184
632 2218
632 2204
2195 2204
2207 2219
209 2185
463 2185
254 2186
2226 2227
2227 2241
2241 2238
2238 2243
2243 2228
2228 2229
2229 2224
2224 2166
2166 2230
2230 2242
2242 2235
2235 2231
2231 2236
2236 2232
2232 250
250 2244
2244 2245
2245 2233
2233 2246
0 2226
2237 2227
168 2227
375 2227
2082 2241
2222 2228
2223 2228
505 2228
510 2228
2239 2229
12 2229
196 2230
2225 2230
620 2242
2234 2235
250 2235
322 2235
503 2231
2195 2236
0 2232
1344 2232
103 2245
2240 2233
375 2233
103 2246
2349 1016
1016 2307
2307 2326
2326 2310
2310 60
60 2263
2263 2264
2264 2265
2265 2265
2265 2248
2248 2266
2266 2316
2316 2267
2267 2268
2268 2269
2269 699
699 2327
2327 2350
2350 2249
2249 41
41 974
974 2270
2270 2344
2344 2166
2166 2351
2351 2317
2317 2271
2271 921
921 47
47 2272
2272 2273
2273 2274
2274 2252
2252 1756
1756 2275
2275 2254
2254 2352
2352 2276
2276 2277
2277 2278
2278 2256
2256 463
463 89
89 2367
2367 89
89 2279
2279 2353
2353 2155
2155 2328
2328 1863
1863 2280
2280 2281
2281 2280
2280 2282
2282 2283
2283 2329
2329 2284
2284 2330
2330 2345
2345 2259
2259 2331
2331 2285
2285 2286
2286 2287
2287 2288
2288 2332
2332 2354
2354 872
872 2289
2289 2290
2290 2280
2280 2291
2291 1756
1756 2328
2328 2292
2292 2293
2293 2262
2262 2333
2333 1830
1830 699
699 2280
2280 2294
2294 1756
1756 2295
2295 2296
2296 2295
2295 2297
2297 2334
2334 2335
2335 1686
1686 699
699 2357
2357 2336
2336 2337
2337 2298
2298 2299
2299 2300
2300 2301
2301 2368
2368 2338
2338 2358
2358 2339
2339 1
1 699
699 2340
2340 468
468 699
699 2304
2304 2341
2341 2367
2367 2305
2305 2359
2359 2360
2360 2342
2342 2343
2343 2361
2361 2306
96 2349
1745 2349
2308 2307
2309 2326
2362 2326
909 2326
195 2326
1134 2326
909 2310
61 2310
61 60
2247 2263
2311 2263
2363 2263
2312 2263
2313 2263
1356 2263
2314 2263
2248 2264
2173 2265
3 2266
2315 2266
1356 2266
1251 2316
3 2267
3 2268
2316 2268
1251 2268
196 2269
112 2269
2315 2327
1356 2327
96 2350
1745 2350
501 2270
196 2270
502 2270
96 2351
1745 2351
2364 2317
2318 2317
1263 2317
709 2317
699 2271
2250 2272
1 2272
2251 2273
2365 2273
1844 2274
953 2274
2253 2275
89 2352
2255 2276
1845 2276
463 2276
12 2277
89 2277
1845 2278
463 2367
2257 2279
1993 2279
6 2279
1343 2353
714 2328
12 2280
2252 2281
1756 2281
12 2282
12 2283
981 2283
250 2283
974 2283
290 2283
1356 2329
2147 2329
2258 2284
196 2284
699 2284
2319 2330
2205 2345
1300 2259
146 2331
2366 2331
194 2331
195 2331
2260 2285
509 2285
469 2285
118 2285
2 2286
2261 2287
510 2287
12 2287
12 2288
976 2332
1686 2354
2355 2354
2 2289
1 2290
2252 2291
358 2292
359 2292
110 2292
111 2292
2258 2293
196 2293
699 2293
111 2262
2320 2333
1901 2333
2321 2333
190 2333
1134 2333
2322 2333
2356 2333
2252 2294
12 2295
1 2296
2252 2297
1756 2297
714 2334
976 2335
1745 2357
714 2336
976 2337
437 2337
1 2298
12 2299
2346 2300
2105 2300
2347 2300
14 2300
463 2300
12 2301
463 2368
714 2338
872 2358
714 2339
2302 2339
2323 2340
714 2340
2303 2340
872 2304
1 2304
714 2341
1686 2305
468 2305
2348 2359
1745 2359
437 2360
2324 2342
2363 2342
2325 2342
2147 2343
1686 2361
1 2306
2385 2370
2370 151
151 2386
2386 2387
2387 2245
2245 2371
2371 2
2 2372
2372 2373
2373 2374
2374 99
99 99
99 2384
2384 99
99 2375
2375 2376
2376 2377
2377 2378
2378 2379
2379 2379
2379 2380
2380 2369
2369 2381
166 2385
108 2370
230 2386
86 2387
213 2371
2382 2371
2388 2371
670 2371
99 2371
51 2371
96 2372
2383 2372
1638 2373
1638 2374
404 2384
213 2375
213 2376
1838 2377
900 2377
205 2377
213 2378
213 2379
213 2380
374 2381
2389 2381
2416 2417
2417 237
237 2418
2418 2397
2397 2403
2403 2391
2391 698
698 202
202 2404
2404 2405
2405 2419
2419 2392
2392 2406
2406 2421
2421 322
322 2393
2393 2407
2407 2394
2394 1622
1622 258
258 2395
2395 2408
2408 476
476 2398
2398 2409
2409 1997
1997 2399
2399 2422
2422 2422
2422 2420
2420 2410
2410 2400
163 2416
2411 2416
100 2416
165 2416
236 2417
165 2417
2412 2417
2413 2417
569 2418
1014 2418
2390 2397
402 2403
290 2403
598 2391
1134 2404
2401 2405
86 2419
1300 2392
322 2406
1623 2421
194 2421
195 2421
731 2393
281 2407
2402 2408
432 2408
1718 2398
986 2398
987 2398
1025 2398
2414 2409
1094 2409
2415 2409
89 2409
338 2409
986 2409
987 2409
1025 2409
2396 2399
111 2399
86 2420
44 2410
3 2400
2423 2436
2436 2527
2527 868
868 1817
1817 2493
2493 2528
2528 2494
2494 2529
2529 2530
2530 868
868 1170
1170 2531
2531 2532
2532 2437
2437 2438
2438 2427
2427 2439
2439 2428
2428 209
209 2391
2391 2533
2533 2089
2089 2440
2440 2534
2534 2441
2441 2495
2495 2442
2442 2535
2535 1879
1879 2496
2496 2497
2497 868
868 2527
2527 2443
2443 2444
2444 2445
2445 2446
2446 2536
2536 2447
2447 2498
2498 2499
2499 2448
2448 2537
2537 2500
2500 2449
2449 2538
2538 1817
1817 2478
2478 2545
2545 2547
2547 2549
2549 2552
2552 1222
1222 2479
2479 2501
2501 1817
1817 2520
2520 2450
2450 2451
2451 1663
1663 2502
2502 2539
2539 2452
2452 2535
2535 2453
2453 2545
2545 2188
2188 2481
2481 868
868 2443
2443 2454
2454 1403
1403 2478
2478 483
483 2455
2455 2484
2484 1598
1598 2503
2503 2434
2434 2504
2504 2505
2505 2506
2506 2456
2456 2457
2457 2507
2507 2508
2508 2509
2509 2499
2499 2458
2458 2459
2459 2460
2460 2510
2510 2461
2461 2554
2554 2462
2462 2463
2463 2511
2511 2464
2464 2465
2465 2466
2466 2512
2512 755
755 1817
1817 2467
2467 2540
2540 2468
2468 47
47 2513
2513 2514
2514 2486
2486 2515
2515 2516
2516 2469
2469 2470
2470 2471
2471 2516
2516 468
1 2423
12 2436
2517 2527
175 2527
2518 2527
236 2493
165 2493
2472 2493
2541 2493
2473 2493
2542 2493
54 2493
236 2528
165 2528
236 2494
165 2494
929 2494
235 2529
251 2529
167 2529
2519 2530
2080 2531
2076 2531
2520 2532
2424 2437
2543 2437
2425 2437
2544 2437
251 2437
2426 2437
1588 2437
1483 2438
12 2439
652 2428
1344 2533
501 2440
196 2440
502 2440
2344 2534
2429 2441
108 2441
11 2441
1817 2495
2474 2495
483 2495
51 2495
1399 2495
2166 2442
89 2535
100 2496
485 2496
2475 2497
2521 2497
2476 2497
2477 2497
463 2443
2427 2443
770 2444
1403 2444
2430 2445
100 2445
485 2445
872 2446
770 2446
2522 2536
870 2536
2427 2447
463 2447
1817 2498
483 2498
51 2498
166 2499
1817 2499
483 2499
51 2499
770 2448
870 2537
1534 2500
2427 2449
12 2449
868 2538
2546 2545
2548 2547
2550 2549
2551 2549
929 2501
730 2450
12 2450
2431 2451
2480 2502
2523 2502
437 2539
1252 2452
304 2452
328 2452
305 2452
2553 2453
2432 2453
2433 2453
2482 2481
2483 2481
322 2481
12 2454
505 2455
2485 2484
1398 2484
928 2503
929 2503
236 2504
165 2504
2472 2504
2541 2504
2473 2504
2542 2504
54 2504
236 2505
165 2505
2524 2505
54 2505
329 2506
2486 2506
868 2506
510 2456
770 2456
12 2457
2487 2507
2524 2507
54 2507
251 2508
54 2508
2488 2509
2427 2458
463 2458
12 2459
770 2460
468 2460
2489 2510
2427 2461
12 2461
12 2462
770 2463
2490 2511
2491 2511
2486 2511
868 2511
463 2464
2427 2464
12 2465
12 2466
2491 2512
2486 2512
868 2512
12 2467
2525 2540
2435 2468
2492 2468
1311 2468
322 2513
295 2513
51 2514
868 2486
1817 2515
483 2515
51 2515
868 2515
103 2516
1817 2516
483 2516
51 2516
103 2469
2526 2469
554 2469
555 2469
108 2469
2 2470
468 2471
2567 2568
2568 2088
2088 2556
2556 2569
2569 1218
1218 250
250 2570
2570 2560
2560 2571
2571 2572
2572 2557
2557 2558
2558 0
0 2559
2559 1166
2561 2567
2562 2568
1694 2568
166 2568
2555 2556
1215 2569
172 2569
235 2570
251 2570
167 2570
2563 2570
58 2560
2564 2571
2565 2572
2566 2572
462 2572
167 2572
505 2557
108 2558
2577 0
0 2578
2578 2619
2619 2620
2620 2621
2621 2622
2622 2664
2664 2623
2623 2624
2624 2665
2665 2561
2561 2657
2657 2625
2625 2205
2205 2626
2626 2627
2627 2628
2628 250
250 2596
2596 2629
2629 2188
2188 2630
2630 2631
2631 2598
2598 2484
2484 2632
2632 2633
2633 2579
2579 2580
2580 2581
2581 2582
2582 2634
2634 2603
2603 2598
2598 1504
1504 2583
2583 333
333 2635
2635 2584
2584 333
333 2598
2598 2636
2636 2637
2637 2598
2598 2638
2638 2639
2639 2640
2640 2666
2666 2641
2641 2642
2642 2643
2643 2667
2667 2612
2612 2644
2644 2645
2645 2668
2668 2585
2585 2586
2586 2646
2646 100
100 101
101 2669
2669 2647
2647 2613
2613 981
981 2672
2672 2648
2648 100
100 2649
2649 1925
1925 1467
1467 2673
2673 1925
1925 2650
2650 2670
2670 2587
2587 2588
2588 2651
2651 2587
2587 2652
2652 2589
2589 2653
2653 2654
2654 2590
2590 462
462 2671
2671 2655
2655 2656
598 2577
108 2577
2573 2578
51 2619
291 2619
145 2619
2591 2620
2591 2621
2382 2622
2388 2622
670 2622
99 2622
51 2622
569 2664
92 2664
2592 2623
540 2623
51 2623
2591 2624
870 2665
2562 2657
1694 2657
166 2657
2658 2625
981 2625
250 2625
2592 2626
540 2626
51 2626
540 2627
51 2627
2593 2628
2594 2628
2659 2628
100 2628
322 2628
2595 2628
1731 2596
48 2596
2597 2629
320 2630
2486 2630
868 2630
55 2631
322 2598
2599 2632
2600 2632
2601 2632
540 2633
51 2633
2660 2579
2173 2579
100 2580
3 2580
254 2581
281 2581
8 2582
2602 2634
1535 2634
322 2634
2661 2634
2604 2603
54 2603
308 2583
1602 2635
2605 2635
2606 2635
2574 2584
54 2636
819 2637
322 2638
2607 2639
322 2639
2608 2640
322 2640
2662 2666
2609 2641
2663 2641
2610 2641
2611 2642
870 2642
2610 2643
100 2667
870 2667
407 2644
2610 2645
329 2668
2575 2585
2576 2585
2574 2586
11 2586
2598 2646
322 2646
232 2669
540 2647
51 2647
540 2648
51 2648
1875 2649
250 2649
51 2649
2614 2650
540 2650
51 2650
554 2670
555 2670
213 2587
468 2588
2614 2651
540 2651
51 2651
554 2651
555 2651
540 2652
51 2652
468 2589
1602 2589
2615 2653
2616 2653
927 2653
2605 2654
2606 2654
468 2590
1891 2671
2617 2655
2618 2655
1875 2655
250 2655
51 2655
819 2656
2698 2681
2681 0
0 743
743 2682
2682 2683
2683 1174
1174 235
1219 2705
2705 2089
2089 1037
1037 2706
2706 2704
2704 2684
2684 2685
2685 2686
2686 2707
2707 2687
2687 2708
2708 2089
2089 2688
2688 2689
2689 2690
2690 2697
2697 2691
2691 2692
2692 2699
2699 2697
2697 2693
2693 2680
2680 2700
2700 2701
2701 2694
163 2698
2695 2698
2696 2698
1311 2698
2702 2698
108 2681
2674 2682
0 2683
173 2705
2703 2706
2674 2684
2674 2685
2675 2686
625 2686
617 2707
1038 2687
173 2708
2674 2688
2676 2689
0 2690
0 2691
2697 2692
2677 2692
2678 2692
278 2699
145 2699
290 2699
89 2693
2679 2693
252 2680
1443 2700
2697 2700
2697 2701
375 2694
2723 100
100 2724
2724 2709
2709 2715
2715 2716
2716 2717
2717 2725
2725 2718
2718 2726
2726 2719
2719 2720
2720 2713
2713 2727
2727 2721
220 2723
100 2723
2728 2724
2722 2724
2710 2709
505 2709
2711 2715
251 2716
2555 2716
2729 2716
0 2717
278 2725
145 2725
290 2725
555 2725
2730 2718
2240 2718
375 2718
2731 2718
144 2718
488 2726
2712 2719
468 2719
510 2720
2714 2713
1 2713
220 2727
100 2727
951 2721
2787 2772
2772 669
669 2768
2768 692
692 2788
2788 1234
1234 2769
2769 2088
2088 2773
2773 2770
2770 2741
2741 2789
2789 2742
2742 653
653 2743
2743 2744
2744 2790
2790 2791
2791 2732
2732 1530
1530 1504
1504 2745
2745 338
338 2800
2800 728
728 2792
2792 2746
2746 2793
2793 2794
2794 2774
2774 2747
2747 2775
2775 2795
2795 2748
2748 2749
2749 2750
2750 254
254 1910
1910 2734
2734 2751
2751 2752
2752 2776
2776 2753
2753 258
258 2777
2777 1033
1033 1910
1910 2754
2754 2755
2755 1033
1033 2756
2756 693
693 2757
2757 2796
2796 2758
2758 2778
2778 1033
1033 2759
2759 2779
2779 2697
2697 2760
2760 2739
2739 692
692 2797
2797 2780
2780 2761
2761 2762
2762 691
691 2763
2763 254
254 2764
2764 2765
2765 2798
2798 2799
2799 2766
2766 2781
677 2787
2767 2772
1071 2772
402 2772
290 2772
691 669
670 669
99 669
51 669
238 2788
2234 2769
250 2769
322 2769
618 2773
619 2773
236 2773
165 2773
2060 2773
241 2770
0 2741
291 2741
145 2741
2782 2789
213 2742
598 2743
2166 2743
768 2744
330 2790
86 2791
699 2732
2259 2732
1300 2732
194 1530
195 1530
322 1530
308 2745
2783 2792
328 2792
2733 2746
338 2746
330 2793
86 2794
987 2774
0 2747
2768 2775
329 2795
577 2748
12 2748
12 2749
253 2750
1 2750
1038 2734
2735 2751
2784 2751
362 2751
255 2752
2768 2776
205 2753
291 2777
145 2777
303 2754
111 2754
2736 2755
170 2755
2737 2755
2738 2756
918 2756
213 2757
2785 2796
1041 2758
1078 2758
2771 2778
254 2759
2382 2779
2388 2779
670 2779
99 2779
51 2779
205 2760
2740 2739
695 2797
683 2797
987 2780
213 2761
254 2762
99 691
2738 2763
918 2763
1828 2764
404 2764
918 2764
2430 2765
2801 2765
2802 2765
1025 2765
374 2765
2786 2798
295 2799
768 2766
407 2781
2804 258
258 2805
2805 2806
2806 1033
1033 2816
2816 2825
2825 1926
1926 1401
1401 2807
2807 1033
1033 2817
2817 2808
2808 2809
2809 2818
2818 2819
2819 2823
2823 2820
2820 2821
2821 2824
2824 2810
2810 96
96 696
696 2811
2811 2812
2812 2813
2813 2822
2822 2814
2814 258
955 2804
250 2804
956 2804
2803 2804
48 2804
0 2805
2082 2806
213 2806
350 2816
145 2816
2826 2825
728 2825
203 2825
1022 1926
1263 1926
254 2807
1401 2817
254 2808
213 2809
986 2818
987 2818
1025 2818
987 2819
1077 2823
1401 2820
987 2821
1077 2824
254 2810
213 2811
96 2812
205 2812
291 2813
145 2813
254 2813
2815 2822
948 2814
2935 2892
2892 2937
2937 2958
2958 2893
2893 2895
2895 2896
2896 2897
2897 2935
2935 483
483 2898
2898 413
413 2959
2959 483
483 2960
2960 2899
2899 2836
2836 47
47 2860
2860 2961
2961 1125
1125 2962
2962 250
250 2963
2963 235
235 110
110 2964
2964 2837
2837 2965
2965 2838
2838 2900
2900 2966
2966 2991
2991 2967
2967 2901
2901 2902
2902 2996
2996 2995
2995 2943
2943 2903
2903 2944
2944 2998
2998 2968
2968 906
906 2863
2863 2904
2904 251
251 2829
2829 89
89 2839
2839 2840
2840 909
909 2905
2905 3000
3000 2969
2969 2970
2970 2971
2971 2972
2972 2841
2841 2991
2991 2906
2906 2973
2973 2842
2842 2907
2907 48
48 2908
2908 2843
2843 100
100 2974
2974 2975
2975 2844
2844 2845
2845 2909
2909 598
598 3010
3010 2846
2846 2848
2848 2832
2832 622
622 2910
2910 598
598 2976
2976 598
598 2911
2911 2912
2912 2975
2975 2913
2913 2977
2977 2876
2876 2914
2914 2849
2849 2978
2978 2878
2878 483
483 2915
2915 2879
2879 2991
2991 3012
3012 2916
2916 2850
2850 2851
2851 2880
2880 2979
2979 2909
598 2917
2917 2980
2980 2852
2852 597
597 2918
2918 2919
2919 2952
2952 2920
2920 981
981 2981
2981 2982
2982 3013
3013 2853
2853 655
655 3010
3010 3011
3011 3014
3014 1597
1597 3015
3015 3016
3016 2854
2854 2855
2855 2921
2921 2983
2983 2883
2883 2832
2832 2984
2984 3010
3010 2985
2985 3010
3010 2922
2922 1070
1070 2923
2923 2875
2875 2856
2856 2975
2975 2924
2924 2925
2925 2926
2926 2927
2927 2928
2928 1750
1750 2986
2986 622
622 2929
2929 3020
3020 2930
2930 2987
2987 2931
2931 2851
2851 2988
2988 2989
2989 2858
2858 2991
2991 2857
2857 48
48 2990
2990 2932
2932 2933
2933 2934
2936 2935
2858 2892
2991 2892
2992 2892
329 2958
236 2893
165 2893
2894 2893
41 2893
96 2893
42 2893
1817 2895
483 2895
51 2895
47 2896
2859 2897
909 2897
64 2897
322 2898
2935 2959
2936 2959
2938 2960
907 2960
2939 2960
819 2899
2827 2836
11 2836
44 2860
2935 2961
2936 2961
100 1125
322 1125
2940 2962
2941 2963
2942 2964
100 2964
86 2964
96 2837
2828 2837
86 2965
750 2838
2938 2900
907 2900
2939 2900
2991 2900
2992 2900
2861 2900
2938 2966
907 2966
2939 2966
2992 2991
2943 2967
2993 2967
2939 2967
2994 2967
2992 2967
2120 2901
2995 2902
2862 2902
2997 2996
2546 2996
2993 2943
2939 2943
2860 2903
44 2903
1255 2968
1228 2968
2864 2863
2120 2863
2945 2904
2865 2904
2830 2839
907 2839
918 2839
652 2840
112 2840
113 2840
2999 2905
827 2905
900 3000
907 2969
2946 2969
1828 2970
3001 2970
3002 2970
2947 2971
2948 2972
900 2972
3003 2972
3004 2972
3005 2972
3006 2972
2831 2841
2866 2906
3007 2906
3008 2906
329 2973
11 2842
2867 2907
1750 2907
827 2907
2868 2908
2869 2908
2870 2908
2871 2908
3009 2908
322 2908
2053 2843
329 2843
2949 2974
622 2975
2832 2844
100 2844
11 2845
2935 2845
2936 2845
540 2845
51 2845
2860 2845
44 2845
47 2845
2872 2909
2950 2909
2847 2846
1483 2846
3011 2846
2827 2848
11 2848
2872 2910
2950 2910
2950 2976
2873 2911
1750 2911
2874 2911
2875 2912
653 2912
2873 2912
1750 2912
2874 2912
2876 2913
100 2913
929 2913
483 2913
51 2913
2935 2977
2936 2977
100 2876
929 2876
2877 2914
250 2914
90 2914
2832 2849
2950 2849
2938 2978
907 2978
2939 2978
2991 2978
2992 2978
2876 2878
100 2878
929 2878
41 2878
96 2878
42 2878
100 2915
407 2915
2858 2916
2833 2850
2948 2850
900 2850
2832 2851
2935 2979
2936 2979
2872 2917
2950 2917
2951 2980
1750 2980
2939 2980
11 2852
622 2852
2876 2918
100 2918
929 2918
2881 2919
929 2919
2882 2920
100 2920
622 2981
2953 2982
1483 2853
11 2854
2834 2855
2872 2921
2950 2921
622 2983
2867 2883
1750 2883
827 2883
622 2984
622 2985
3023 2922
2884 2922
2876 2922
100 2922
929 2922
2869 2922
2870 2922
2871 2922
3009 2922
322 2922
2873 2923
1750 2923
2874 2923
653 2875
2873 2875
1750 2875
2874 2875
2835 2856
2885 2924
2885 2925
2873 2926
1750 2926
2874 2926
2886 2927
3017 2927
2873 2927
1750 2927
2874 2927
2887 2928
48 2928
3018 2986
3019 2986
2954 2986
929 2929
2888 2930
2889 2930
2890 2930
622 2987
2858 2931
622 2988
2955 2989
2956 2989
1255 2989
2957 2989
2832 2857
2891 2857
100 2857
281 2857
622 2990
2858 2932
2992 2932
2866 2933
3008 2933
3021 2933
3022 2933
724 2933
2890 2934
3007 2934
3008 2934
3056 3066
3066 3068
3068 3067
3067 3037
3037 3038
3038 3039
3039 3053
3053 3040
3040 2275
2275 1644
1644 251
251 3026
3026 14
14 3027
3027 207
207 3028
3028 3041
3041 3042
3042 0
0 3057
3057 3055
3055 3043
3043 2166
2166 465
465 3030
3030 3044
3044 3045
3045 3034
3034 3058
3058 3039
3039 3046
3046 3047
3047 3059
3059 3048
3048 743
743 207
207 3049
3049 3050
3050 310
310 3060
3060 291
291 3061
3051 3056
1527 3056
3067 3056
2551 3056
1616 3066
2551 3067
750 3037
3024 3038
3052 3038
3025 3039
3062 3039
251 3039
3063 3039
505 3039
1844 3040
3064 3027
1356 3027
503 3027
3029 3041
108 3042
3065 3057
3054 3057
145 3057
1399 3057
3069 3055
145 3055
407 3055
109 3043
252 3030
503 3030
468 3044
3031 3045
100 3045
3032 3045
3033 3045
101 3034
407 3058
1844 3046
2253 3047
976 3059
0 3048
3035 3049
196 3050
3036 3050
2488 3060
1405 3061
3135 3080
3080 429
429 290
290 3081
3081 677
677 3082
3082 3083
3083 3107
3107 3137
3137 3138
3138 3139
3139 1194
1194 3108
3108 3102
3102 3103
3103 3140
3140 3141
3141 3084
3084 3085
3085 699
699 113
113 3104
3104 3142
3142 3143
3143 3086
3086 3071
3071 3144
3144 3122
3122 3123
3123 1341
1341 1965
1965 3124
3124 3087
3087 1218
1218 3145
3145 3072
3072 3073
3073 2424
2424 252
252 1175
1175 3109
3109 2166
2166 2089
2089 3146
3146 3147
3147 3110
3110 3111
3111 3112
3112 3088
3088 1171
1171 238
238 429
429 3126
3126 290
290 3148
3148 3149
3149 3089
3089 3090
3090 3091
3091 3150
3150 3151
3151 3092
3092 3113
3113 3114
3114 3152
3152 3153
3153 3093
3093 238
238 2561
2561 1564
1564 3126
3126 3133
3133 1218
1218 3154
3154 208
208 2424
2424 3094
3094 3095
3095 2424
2424 3096
3096 3097
3097 3098
3098 3155
3155 3156
3156 3099
3099 3157
3157 3115
3115 3100
163 3135
3116 3080
944 3080
3117 3080
870 3080
1564 3080
1440 3081
1471 3081
944 3081
3136 3081
3070 3082
944 3083
250 3083
815 3107
251 3107
3118 3137
427 3138
164 3138
165 3138
2950 3139
3101 3108
3119 3103
1311 3103
290 3140
3120 3141
2561 3141
367 3084
196 3084
368 3084
112 3085
3121 3104
290 3142
173 3143
3160 3086
12 3086
175 3071
92 3071
238 3144
1901 1965
175 1965
3125 3124
1471 3124
1440 3087
1471 3087
944 3087
290 3145
2543 2424
2425 2424
2544 2424
251 2424
2426 2424
1588 2424
278 3109
145 3109
290 3109
85 3146
86 3146
89 3147
1445 3147
484 3110
498 3110
485 3110
54 3111
278 3112
145 3112
290 3112
1171 3088
12 3088
438 3088
3127 3126
3128 3148
89 3148
173 3148
566 3149
3129 3149
3124 3149
3125 3149
1471 3149
3074 3089
902 3089
699 3089
108 3089
3075 3090
1901 3091
3076 3091
699 3091
113 3091
3130 3150
3117 3151
944 3092
3105 3113
3131 3114
1402 3114
868 3114
566 3152
3129 3152
3132 3153
3077 3093
3158 3093
290 3154
14 3094
12 3094
3078 3095
3079 3095
251 3095
3026 3095
12 3095
14 3096
12 3096
3078 3097
3079 3097
251 3097
3026 3097
12 3097
3159 3098
3075 3098
3134 3155
3117 3156
3116 3099
944 3099
235 3157
251 3157
167 3157
3106 3115
1993 3100
3162 3172
3172 3163
3163 291
291 3173
3173 291
291 3164
3164 3174
3174 362
362 3182
3182 3183
3183 3175
3175 3165
3165 1223
1223 189
189 167
167 3181
3181 189
167 476
476 3176
3176 3184
3184 3177
3177 3166
3166 3167
3167 476
476 3168
3168 3169
3169 3178
3178 3186
677 3162
468 3162
1443 3162
974 3162
974 3172
468 3163
974 3173
3170 3164
505 3164
3171 3174
1745 3182
847 3183
3170 3175
3179 3175
3180 3165
1174 3165
291 3176
145 3176
295 3176
295 3184
974 3177
3161 3166
1976 3166
942 3166
3 3166
3 3167
3 3168
468 3169
3170 3178
3185 3186
3196 3197
3197 691
691 3198
3198 3199
3199 3188
3188 3189
3189 291
291 3203
3203 3204
3204 3190
3190 291
291 1817
1817 3191
3191 3192
3192 3200
3200 3201
3201 3202
3202 3205
3205 99
99 3206
3206 202
202 3193
3194 3196
3195 3196
60 3196
61 3196
402 3197
290 3197
51 3198
681 3198
692 3198
291 3199
145 3199
213 3188
213 3189
1077 3203
329 3204
254 3190
254 3191
653 3191
3187 3192
656 3192
653 3192
291 3200
145 3200
291 3201
145 3201
1077 3202
202 3202
203 3202
291 3202
145 3202
1077 3205
3207 3206
3208 3206
3209 3206
254 3193
3212 974
974 3213
3213 3214
3214 3223
3223 3215
3215 3227
3227 235
235 250
250 3227
3227 3228
3228 1219
1219 3216
3216 3217
3217 3229
3229 255
255 1219
1219 698
698 3219
3219 3220
3220 3224
3224 3230
3230 3216
3216 3221
3221 3222
254 3212
1276 3212
41 3212
96 3212
42 3212
3210 3213
12 3214
3231 3223
485 3223
303 3215
111 3215
742 3227
295 3228
1631 3216
12 3217
3225 3229
196 3229
3226 3229
176 3229
3218 3229
329 3219
59 3219
100 3219
10 3219
1636 3220
485 3224
742 3230
12 3221
3211 3222
251 3222
514 3222
3243 974
974 257
257 3234
3234 3235
3235 3236
3236 3244
3244 3242
3242 151
403 3237
3237 3238
3238 3245
3245 3239
3239 3246
3246 3250
3250 3240
3240 2081
2081 3253
3253 403
403 3247
3247 3248
3248 906
906 3241
3241 3249
3249 3251
1276 3243
41 3243
96 3243
42 3243
1262 3234
1263 3234
1256 3234
1759 3235
770 3236
974 3244
0 3237
3232 3238
403 3245
510 3239
403 3246
872 3250
3252 3250
3232 3240
2785 3240
403 3240
403 3248
3233 3241
254 3241
255 3241
403 3249
1829 3251
3283 3268
3268 100
100 870
870 3256
3256 3269
3269 3284
3284 3257
3257 3301
3301 3285
3285 3270
3270 3286
3286 3271
3271 3287
3287 3258
3258 3259
3259 369
369 3288
3288 3265
3265 3289
3289 3272
3272 3308
3308 3301
3301 3255
3255 3273
3273 3290
3290 3291
3291 3292
3292 3280
3280 3281
3281 3293
3293 3294
3294 251
251 3295
3295 3274
3274 3296
3296 3275
3276 3283
3297 3268
3277 3268
3260 3268
3298 3268
3261 3268
0 3256
3298 3256
3 3256
2861 3269
3261 3269
1255 3284
1228 3284
3299 3284
3300 3284
3254 3257
3297 3285
2937 3285
2120 3270
3278 3286
3302 3286
3262 3271
3263 3271
3264 3271
2946 3271
3303 3287
3304 3287
3005 3287
847 3287
2166 3258
463 3259
2829 3259
89 3288
48 3265
866 3289
3305 3289
3306 3289
1979 3289
901 3289
3266 3272
3307 3272
2993 3255
918 3255
3267 3273
2084 3290
3279 3291
89 3292
866 3293
3282 3294
2950 3295
598 3274
2950 3296
907 3275
407 3275
3344 3334
3334 144
144 3345
3345 3317
3317 3318
3318 3319
3319 3356
3356 3346
3346 3357
3357 3339
3339 278
278 3335
3335 3320
3320 3321
3321 3347
3347 250
250 3353
3353 189
189 3348
3348 3336
3336 3349
3349 3322
3322 3323
3323 1183
1183 149
149 150
150 767
767 3321
3321 3324
3324 3325
3325 0
0 3340
3340 3326
3326 3327
3327 3350
3350 3328
3328 3329
3329 3330
3330 251
251 3351
3351 3352
3352 3331
3331 14
14 3332
3332 2435
2435 3333
3333 3311
3311 3312
3312 2711
2711 3313
3313 3314
3314 3315
3315 3316
3316 3358
3338 3344
163 3344
617 3334
1311 3334
3341 3345
12 3317
12 3318
12 3319
3354 3356
89 3346
3354 3357
822 3339
860 3339
402 3339
290 3339
617 3335
12 3320
12 3321
235 3347
251 3347
167 3347
3019 3348
2954 3348
144 3336
617 3349
12 3322
912 3322
12 3323
12 3324
119 3324
108 3325
278 3340
145 3340
290 3340
555 3326
213 3326
213 3327
3342 3350
337 3350
213 3328
770 3329
3309 3329
3310 3330
118 3330
1967 3351
3343 3352
371 3331
12 3332
12 3333
3337 3312
2710 3312
567 3358
3355 3358
3423 3395
3395 3414
3414 429
429 3396
3396 3397
3397 3366
3366 3367
3367 3398
3398 2259
2259 3368
3368 3424
3424 2387
2387 3369
3369 3415
3415 3399
3399 910
910 3425
3425 3400
3400 3401
3401 3370
3370 3371
3371 3426
3426 3402
3402 3372
3372 3382
3382 818
818 3403
3403 3404
3404 3012
3012 3405
3405 460
460 3434
3434 1027
1027 3406
3406 2161
2161 1356
1356 3361
3361 3373
3373 953
953 3407
3407 14
14 3363
3363 3374
3374 3364
3364 3427
3427 3375
3375 3376
3376 3443
3443 3437
3437 938
938 3428
3428 3429
3429 3387
3387 3388
3388 223
223 3408
3408 3409
3409 3430
3430 3438
3438 3410
3410 3377
3377 3391
3391 3440
3440 3421
3421 3431
3431 3365
3365 3442
3442 3412
3412 1597
1597 3378
3378 938
938 3413
3413 3379
163 3423
41 3395
96 3395
42 3395
294 3395
2345 3396
2205 3396
3380 3396
904 3397
47 3397
468 3366
3359 3367
1 3367
3381 3367
1530 3398
194 3398
195 3398
322 3398
111 3368
89 3424
1 3369
1627 3415
3416 3415
291 3399
145 3399
868 3425
819 3400
2613 3401
1483 3370
12 3371
169 3426
3106 3402
468 3372
3360 3372
118 3372
1 3372
3383 3382
3432 3382
3384 3403
3385 3404
3386 3405
3433 3405
3417 3406
3435 3406
3436 3406
461 3406
989 3406
3362 3373
468 3373
1316 3407
1317 3407
1021 3407
1 3374
3418 3427
701 3375
3419 3375
251 3375
3362 3375
3361 3376
2554 3443
3420 3428
1031 3429
3438 3387
223 3388
938 3408
3389 3409
3390 3409
870 3430
3385 3410
938 3377
254 3377
3411 3377
3439 3377
3422 3431
3441 3431
3392 3412
1601 3412
3393 3412
1 3378
3394 3413
9 3379
1 3379
3438 3379
3471 427
427 3473
3473 3447
3447 3474
3474 655
655 3475
3475 3463
3463 3476
3476 488
488 3458
3458 3456
3456 1232
1232 3459
3459 3444
3444 3448
3448 1289
1289 3353
189 3460
3460 402
402 3477
3477 250
250 3449
3449 3478
3478 3450
3450 3479
3479 3451
3451 3452
3452 3461
3461 3453
3453 3480
3480 3481
3481 3482
3482 3462
3462 402
402 3454
3472 3471
163 3471
164 427
165 427
290 3473
254 3447
625 3474
617 3475
236 3476
165 3476
3464 3458
618 3458
619 3458
236 3458
165 3458
3455 3458
3465 3458
241 3458
1170 3456
322 3456
3466 3459
3457 3459
100 3444
3445 3444
123 3444
206 3448
121 3448
151 3460
42 3460
290 402
3467 3477
3075 3449
86 3478
3468 3450
371 3450
463 3450
1967 3479
3446 3451
3309 3452
821 3461
701 3453
2207 3480
3483 3480
3469 3481
3470 3482
100 3482
150 3462
151 3462
42 3462
951 3454
47 3505
3505 1965
1965 1341
1341 3517
3517 3509
3509 3489
3489 767
767 1289
1289 107
107 3510
3510 3490
3490 3491
3491 3492
3492 100
100 3493
3493 3494
3494 501
501 2056
2056 3506
3506 3511
3511 235
235 3512
3512 2105
2105 3495
3495 3496
3496 3497
3497 371
371 3485
3485 3498
3498 2173
2173 3499
3499 3500
3500 2438
2438 3486
3486 3487
3487 1756
1756 3361
3361 1630
1630 701
701 3516
3516 3501
3501 3513
3513 3514
3514 3507
3507 3133
3133 3502
3502 2538
3503 3505
3515 3517
3508 3509
165 3509
12 3489
230 3510
117 3490
108 3491
213 3492
369 3493
3484 3494
598 3494
196 501
502 501
3504 3506
436 3506
173 3511
89 3512
12 3495
3026 3496
12 3497
12 3498
12 3499
372 3500
1708 1630
251 1630
1597 1630
3488 3501
3226 3513
3122 3514
598 3507
761 3502
3518 3519
3519 3520
3520 258
258 3521
3521 3522
3522 3523
3523 3524
3524 3525
3525 3526
3526 3527
3527 3528
3528 3530
3530 3529
3529 3531
13 3518
14 3518
255 3519
255 3520
1 3521
255 3521
6 3522
255 3523
44 3523
1 3524
255 3525
254 3526
13 3526
14 3526
13 3527
14 3527
6 3528
92 3530
974 3529
254 3529
2661 3531
3562 3567
3567 3540
3540 3532
3532 3541
3541 3542
3542 2105
2105 3565
3565 3543
3543 3544
3544 3545
3545 1441
1441 3568
3568 3569
3569 3546
3546 1631
1631 3570
3570 1016
47 3503
3503 3563
3563 3547
3547 3548
3548 3549
3549 3550
3550 3551
3551 3564
3564 3552
3552 3571
3571 2231
2231 3553
3553 3554
3554 207
207 3072
3072 3534
3534 3555
3555 3556
3556 3536
3536 3557
3557 3558
3558 3565
3565 3559
3559 3560
3560 3561
3561 3572
1021 3562
407 3562
295 3567
3078 3540
3079 3540
251 3540
3026 3540
12 3541
12 3542
12 3543
12 3544
1294 3545
1345 3545
1357 3545
1295 3545
870 3568
3565 3569
12 3546
3573 3570
89 3570
2543 3570
2544 3570
251 3570
1588 3570
329 3563
41 3563
96 3563
42 3563
12 3547
12 3548
12 3549
3533 3550
12 3551
41 3564
96 3564
42 3564
16 3552
235 3571
251 3571
167 3571
3573 3553
89 3553
2424 3553
2543 3553
2425 3553
2544 3553
251 3553
2426 3553
1588 3553
89 3554
2251 3554
2365 3554
1483 3555
3535 3556
3566 3556
1708 3556
251 3556
1597 3556
3537 3536
3538 3536
1483 3536
14 3536
3532 3557
12 3558
12 3559
3539 3560
1021 3560
3075 3560
114 3560
3539 3561
1021 3561
3075 3561
235 3572
251 3572
167 3572
3706 3588
3588 3707
3707 3708
3708 3589
3589 310
310 3590
3590 1408
1408 101
101 3591
3591 3653
3653 96
96 3654
3654 3655
3655 3623
3623 3656
3656 3709
3709 3657
3657 3592
3592 3710
3710 3658
3658 3659
3659 250
250 3593
3593 1917
1917 3660
3660 3626
3626 147
147 3627
3627 3711
3711 3661
3661 3630
3630 3662
3662 3594
3594 3663
3663 203
203 3631
3631 3664
3664 3712
3712 615
615 3595
3595 3596
3596 250
250 3597
3597 1406
1406 3598
3598 3633
3633 251
251 3599
3599 3665
3665 3666
3666 223
223 3636
3636 3636
3636 3667
3667 3668
3668 3600
3600 3601
3601 3713
3713 3602
3602 1889
1889 3714
3714 3715
3715 2618
2618 3603
3603 3637
3637 2673
2673 1092
1092 3669
3669 3670
3670 3671
3671 3672
3672 3698
3698 3716
3716 3717
3717 100
100 1597
1597 3729
3729 3673
3673 992
992 407
407 2659
2659 3604
3604 3605
3605 241
241 3732
3732 3606
3606 3607
3607 3675
3675 3639
3639 3676
3676 3578
3578 3677
3677 3608
3608 3579
3579 3609
3609 3718
3718 3678
3678 3644
3644 3679
3679 3580
3580 3719
3719 3680
3680 3720
3720 3582
3582 1588
1588 3014
3014 3733
3733 3610
3610 3721
3721 1597
1597 3722
3722 3626
3626 3611
3611 3612
3612 3613
3613 3723
3723 3724
3724 3614
3614 413
413 3648
3648 3681
3681 3615
3615 3725
3725 3616
3616 1251
1251 944
944 3726
3726 250
250 250
250 3682
3682 3683
3683 3651
3651 3617
3617 3587
3587 108
108 3684
3684 3727
3727 3685
3685 3618
3618 3734
3734 3686
3687 3706
3688 3706
3689 3706
3690 3706
3574 3588
3691 3588
3575 3588
250 3588
3692 3707
250 3707
2785 3708
3075 3589
3075 3590
108 3591
3619 3653
1875 3653
250 3653
51 3653
3620 3654
3621 3655
3622 3655
3624 3656
3693 3709
2601 3657
503 3592
164 3710
165 3710
3694 3658
165 3658
870 3658
2482 3658
2483 3658
322 3658
149 3659
2053 3593
329 3593
615 3593
149 3593
3625 3660
96 3660
631 3660
1875 3626
250 3626
51 3626
148 147
149 147
3628 3627
176 3711
3695 3661
3629 3661
3625 3662
96 3662
631 3662
2430 3594
96 3663
3069 3663
145 3663
1875 3631
250 3631
51 3631
3632 3664
96 3664
3696 3712
149 615
3075 3595
310 3596
3576 3597
3728 3597
96 1406
3075 3598
3634 3633
2430 3599
3635 3665
2484 3666
2485 3666
1398 3666
3636 3668
1483 3600
1483 3601
3697 3713
2430 3602
1437 3714
1436 3715
1437 3715
1875 2618
250 2618
51 2618
3577 3603
554 3603
555 3603
1875 3637
250 3637
51 3637
51 3669
413 3670
51 3671
1875 3672
250 3672
51 3672
1588 3716
241 3716
3698 3717
3638 3673
3730 3673
3674 3673
100 2659
1483 3604
2173 3605
3731 3605
2659 3605
100 3605
468 3606
2676 3607
3637 3675
1875 3675
250 3675
51 3675
1875 3639
250 3639
51 3639
2618 3676
1875 3676
250 3676
51 3676
616 3676
1 3578
100 3677
1443 3677
3640 3677
3641 3677
498 3677
468 3608
3642 3608
3626 3608
1875 3608
250 3608
51 3608
1402 3608
2234 3608
322 3608
468 3609
3699 3718
3643 3678
3700 3678
3645 3679
3701 3679
3692 3580
3581 3580
250 3580
678 3719
3646 3680
2483 3680
3647 3680
322 3680
2729 3720
1366 3582
3583 3610
3584 3610
3702 3721
3703 3722
3585 3611
3586 3611
3582 3612
1366 3612
3584 3613
2729 3723
1437 3724
12 3614
483 3648
51 3648
597 3681
241 3681
1397 3681
1840 3615
944 3615
1437 3725
944 3616
163 3726
3704 3726
3649 3682
938 3682
2610 3682
3650 3683
1398 3651
3584 3617
89 3684
100 3684
3652 3684
436 3684
89 3727
3637 3685
1875 3685
250 3685
51 3685
1757 3618
87 3686
3626 3686
1875 3686
250 3686
51 3686
3705 3686
3826 175
175 1572
1572 3809
3809 868
868 3810
3810 3780
3780 3780
3780 1016
1016 3781
3781 3782
3782 3784
3784 3793
3793 3794
3794 235
250 1174
1174 119
119 3750
3750 3811
3811 3751
3751 567
567 1263
1263 3752
3752 3802
3802 3824
3824 1974
1974 3753
3753 3812
3812 3754
3754 3755
3755 3756
3756 3757
3757 3795
3795 767
767 119
119 3738
3738 107
107 3813
3813 3789
3789 175
175 3819
3819 3789
3789 3796
3796 1482
1482 2427
2427 1630
1630 1632
1632 3758
3758 3825
3825 3759
3759 3814
3814 3797
3797 202
202 3760
3760 3761
3761 3815
3815 3762
3762 3821
3821 3791
3791 3818
3818 3800
3800 3792
3792 3822
3822 1358
1358 3763
3763 3764
3764 3765
3765 3766
3766 3767
3767 251
251 3768
3768 3744
3744 3769
3769 3804
3804 3805
3805 3770
3770 3771
3771 3766
3766 3
3 3798
3798 1025
1025 3772
3772 3773
3773 3774
3774 3766
3766 3775
3775 3816
3816 3799
3799 3776
3776 3777
3777 3747
3747 3778
3778 3807
3807 3779
3808 3826
103 3826
3800 3809
165 3810
1311 3781
3783 3782
3785 3793
3817 3793
2147 3793
3786 3793
3787 3793
3801 3794
3788 3794
770 3750
3735 3750
235 3811
251 3811
167 3811
1174 3751
3736 3752
1975 1974
251 1974
1967 3753
1932 3753
167 3812
904 3812
3737 3754
167 3754
904 3754
3309 3755
1631 3756
3736 3757
220 3795
100 3795
3800 3813
3818 3813
3298 3813
3820 3819
3821 3819
143 3796
1483 1482
468 3758
3739 3759
100 3759
86 3814
1086 3797
3790 3797
577 3760
3310 3761
176 3761
3803 3815
3 3762
3298 3818
3740 3763
3741 3764
468 3765
3825 3765
2427 3766
3740 3767
3742 3768
1745 3768
3743 3768
3745 3769
11 3769
468 3770
3806 3771
503 3771
489 3798
178 3798
577 3772
468 3773
945 3773
3746 3774
2427 3775
3803 3816
489 3799
1173 3776
774 3777
9 3747
3748 3747
774 3778
3818 3779
3823 3779
3298 3779
3749 3779
938 3779
956 3779
151 3868
3868 3834
3834 3859
3859 3869
3869 3835
3835 652
652 3860
3860 3870
3870 3871
3871 3836
3836 2249
2249 111
111 3837
3837 575
575 3861
3861 3838
3838 3839
3839 112
2174 3840
3840 3841
3841 3872
3872 3842
3842 3862
3862 3828
3828 3873
3873 3843
3843 3844
3844 202
202 3829
3829 2392
2392 3863
3863 3875
3875 3845
3845 1623
1623 3846
3846 3864
3864 3847
3847 3848
3848 3874
3874 3849
3849 3850
3850 3851
3851 3865
3865 3852
3852 1320
1320 3853
3853 3833
3277 3868
870 3868
377 3834
3854 3859
230 3869
1 3835
47 3860
196 3870
870 3870
166 3871
196 3871
870 3871
3827 3836
620 3836
505 3836
100 3837
304 3837
328 3837
305 3837
2234 3861
250 3861
322 3861
308 3838
338 3838
1102 3839
100 3839
575 3839
1477 3840
2174 3841
85 3872
86 3872
2678 3842
3855 3862
281 3862
305 3828
3866 3873
172 3873
1759 3843
113 3844
100 3829
3830 3829
146 3863
192 3875
194 3875
195 3875
3867 3845
505 3845
1759 3846
3856 3864
194 3864
195 3864
3867 3864
2240 3847
375 3847
2240 3848
375 3848
196 3874
870 3874
3857 3849
652 3849
3858 3849
3855 3849
281 3849
3831 3849
505 3849
1759 3850
3856 3851
194 3851
195 3851
3867 3851
2240 3851
375 3851
3856 3865
194 3865
195 3865
3867 3865
3832 3852
2173 3852
377 3852
1175 3852
42 1320
377 3853
1 3853
15 3833
3894 3895
3895 3881
3881 3896
3896 2224
2224 257
257 3902
3902 350
350 2224
2224 235
235 3876
3876 145
145 3897
3897 3877
3877 3882
3882 360
360 3898
3898 3885
3885 3878
3878 3903
3903 2758
2758 3892
3892 3879
3879 254
254 3880
3880 3886
3886 3887
3887 254
254 3888
3888 150
150 291
291 235
235 360
360 360
360 3899
3899 3889
3889 3900
3900 3901
163 3894
238 3895
276 3881
290 3881
3890 3896
1446 3896
96 3876
205 3876
3891 3897
213 3877
290 3882
555 3898
3883 3885
3884 3885
2194 3885
254 3878
254 3879
1078 3880
944 3880
100 3886
150 3886
145 3887
150 3888
290 3899
3893 3889
3904 3889
148 3889
290 3900
166 3901
3952 3953
3953 3909
3909 822
822 3910
3910 3912
3912 3913
3913 3914
3914 3941
3941 403
403 3915
3915 3916
3916 1171
1171 3917
3917 3918
3918 3919
3919 3920
3920 3921
3921 3922
3922 3923
3923 3924
3924 3925
3925 3926
3926 3954
3954 904
904 3955
3955 3927
3927 3928
3928 3906
3906 3942
3942 3929
3929 3943
3943 3930
3930 1356
1356 3944
3944 3931
3931 3932
3932 3945
3945 3946
3946 1623
1623 3933
3933 3908
3908 3908
3908 3940
3940 3934
3934 3935
3935 3936
3936 3947
3947 3948
3948 3931
3931 3937
3937 3956
3956 3938
3938 3939
3939 3957
3957 3958
677 3952
165 3953
2240 3909
375 3909
60 3909
61 3909
860 822
402 822
290 822
743 3910
89 3910
291 3910
145 3910
3911 3910
121 3910
8 3912
12 3913
12 3914
220 3941
100 3941
860 3941
1289 3915
8 3916
107 3917
1289 3917
403 3917
377 3917
1 3918
12 3919
119 3919
377 3920
12 3921
12 3922
12 3923
12 3924
3905 3925
123 3925
904 3926
3905 3926
1828 3954
1828 3955
462 3955
3905 3927
3905 3928
255 3928
220 3942
100 3942
3905 3929
3907 3929
821 3943
1967 3943
1932 3930
2383 3944
3905 3931
123 3931
3829 3932
100 3932
3830 3932
437 3945
322 3945
1622 3945
195 3945
322 3946
3908 3933
2383 3940
403 3934
255 3934
364 3935
377 3936
2383 3936
743 3947
89 3947
291 3947
145 3947
403 3947
816 3948
310 3937
3949 3956
14 3938
3950 3939
2391 3939
598 3939
169 3957
3951 3958
